ash85,85,85,304,0.042076124567474046,3.5764705882352943,1,6,1.1382698961937718,1.6776315789473684,0
EX1,560,560,4368,0.013928571428571429,7.8,0,14,7.117142857142836,1.794871794871795,3
ted_B_unscaled,10605,10605,77592,0.0006899150210030096,7.316548797736917,1,25,39.57815612314724,3.4169115372718837,0
TSOPF_FS_b300,29214,29214,2203949,0.0025823760827184475,75.44153488053674,0,210,7353.039763178836,2.783612506459995,6900
G5,800,800,19176,0.0299625,23.97,0,60,211.0191,2.5031289111389237,21
GD97_b,47,47,132,0.05975554549569941,2.8085106382978724,0,3,0.45269352648257144,1.0681818181818181,2
tumorAntiAngiogenesis_5,460,460,2483,0.011734404536862003,5.397826086956521,1,272,187.6004300567104,50.39065646395489,0
c-41,9769,9769,55757,0.0005842506165113476,5.707544272699355,1,836,112.18829501352259,146.47280162132108,0
auto,448695,448695,3314611,1.6463800967762935e-05,7.38722517523039,0,22,19.58166053714482,2.978114173880434,36067
brack2,62631,62631,366559,9.344696379507455e-05,5.852676789449315,0,26,17.403165345213164,4.442411726352375,697
gupta1,31802,31802,1098006,0.0010856650241943182,34.52631909942771,1,109,204.28427365934934,3.15701189246689,0
dwt_66,66,66,193,0.04430670339761249,2.9242424242424243,1,5,1.1609274563820016,1.7098445595854923,0
dwt_492,492,492,1824,0.007535197303192544,3.707317073170732,1,10,2.65010906206623,2.6973684210526314,0
